Entrada: incoming/sprites/12_hurt.png
Saída candidata: incoming/sprites/12_hurt_hair_fixed_candidate.png
Bounding box: (86, 102, 171, 224)
Região analisada: (86, 102, 144, 157)
Cores na paleta de cabelo: 733
Pixels magenta encontrados: 51
Pixels magenta restantes: 0
Pixels visíveis: 6099

ALTERAÇÕES:
(105, 104) | (156, 3, 126, 255) -> (131, 67, 33, 255)
(106, 104) | (156, 4, 125, 255) -> (131, 67, 33, 255)
(117, 104) | (122, 1, 81, 255) -> (121, 0, 0, 255)
(122, 104) | (90, 10, 63, 255) -> (62, 38, 31, 255)
(123, 104) | (140, 1, 122, 255) -> (131, 67, 33, 255)
(128, 104) | (150, 9, 116, 255) -> (131, 67, 33, 255)
(129, 104) | (73, 2, 50, 255) -> (62, 38, 31, 255)
(130, 104) | (73, 2, 53, 255) -> (62, 38, 31, 255)
(131, 104) | (74, 0, 55, 255) -> (62, 38, 31, 255)
(132, 104) | (67, 1, 50, 255) -> (62, 38, 31, 255)
(133, 104) | (60, 0, 43, 255) -> (55, 11, 6, 255)
(134, 104) | (99, 2, 76, 255) -> (62, 38, 31, 255)
(128, 105) | (116, 9, 86, 255) -> (114, 59, 25, 255)
(128, 106) | (107, 6, 65, 255) -> (82, 41, 19, 255)
(110, 107) | (60, 0, 55, 255) -> (62, 38, 31, 255)
(134, 107) | (58, 2, 52, 255) -> (62, 38, 31, 255)
(109, 108) | (114, 0, 92, 255) -> (62, 38, 31, 255)
(134, 108) | (63, 3, 57, 255) -> (62, 38, 31, 255)
(108, 109) | (166, 1, 127, 255) -> (131, 67, 33, 255)
(109, 109) | (153, 2, 121, 255) -> (131, 67, 33, 255)
(124, 109) | (137, 1, 107, 255) -> (131, 67, 33, 255)
(134, 109) | (56, 6, 49, 255) -> (38, 37, 40, 255)
(135, 109) | (154, 4, 128, 255) -> (131, 67, 33, 255)
(99, 110) | (122, 2, 93, 255) -> (131, 67, 33, 255)
(99, 111) | (112, 0, 82, 255) -> (62, 38, 31, 255)
(98, 112) | (130, 1, 115, 255) -> (131, 67, 33, 255)
(142, 114) | (142, 5, 120, 255) -> (131, 67, 33, 255)
(143, 114) | (138, 5, 116, 255) -> (131, 67, 33, 255)
(87, 119) | (74, 3, 67, 255) -> (62, 38, 31, 255)
(142, 119) | (86, 3, 44, 255) -> (87, 3, 3, 255)
(143, 119) | (82, 4, 55, 255) -> (62, 38, 31, 255)
(87, 120) | (88, 1, 78, 255) -> (62, 38, 31, 255)
(87, 121) | (76, 0, 64, 255) -> (62, 38, 31, 255)
(87, 122) | (120, 0, 98, 255) -> (131, 67, 33, 255)
(144, 122) | (119, 6, 99, 255) -> (131, 67, 33, 255)
(87, 123) | (137, 0, 111, 255) -> (131, 67, 33, 255)
(88, 126) | (134, 9, 110, 255) -> (131, 67, 33, 255)
(141, 130) | (70, 9, 52, 255) -> (62, 38, 31, 255)
(141, 131) | (54, 9, 41, 255) -> (62, 38, 31, 255)
(86, 141) | (52, 0, 36, 255) -> (51, 11, 6, 255)
(86, 142) | (57, 1, 40, 255) -> (55, 11, 6, 255)
(86, 143) | (59, 0, 41, 255) -> (55, 11, 6, 255)
(142, 150) | (102, 5, 83, 255) -> (62, 38, 31, 255)
(143, 150) | (108, 3, 91, 255) -> (62, 38, 31, 255)
(139, 154) | (140, 46, 99, 255) -> (131, 67, 33, 255)
(94, 155) | (113, 5, 94, 255) -> (95, 54, 24, 255)
(95, 155) | (142, 2, 122, 255) -> (131, 67, 33, 255)
(141, 155) | (80, 1, 77, 255) -> (51, 46, 47, 255)
(141, 156) | (88, 1, 74, 255) -> (62, 38, 31, 255)
(99, 157) | (62, 5, 48, 255) -> (62, 38, 31, 255)
(100, 157) | (110, 2, 94, 255) -> (62, 38, 31, 255)
