Entrada: incoming/sprites/13_victory_trophy_dark_purple_fixed_candidate.png
Saída candidata: incoming/sprites/13_victory_trophy_edge_fringe_fixed_candidate.png
Dimensão: (1254, 1254)
Bounding box: (418, 308, 916, 938)
Pixels visíveis: 139720
Suspeitos encontrados pelo filtro estrito: 1870
Pixels selecionados pela regra controlada: 1109
Pixels controlados restantes: 0
Cores disponíveis na paleta: 14059
Bounding box das alterações: (418, 383, 887, 936)
Camada alfa preservada: sim
Silhueta preservada: sim
Máscara: artifacts/frame-validation/13_victory_trophy_edge_fringe_fix/pixels_corrigidos.png
Overlay: artifacts/frame-validation/13_victory_trophy_edge_fringe_fix/pixels_corrigidos_destacados.png
Prévia: artifacts/frame-validation/13_victory_trophy_edge_fringe_fix/candidato_preview.png
Comparação completa: artifacts/frame-validation/13_victory_trophy_edge_fringe_fix/comparacao_ampliada.png
Comparação superior: artifacts/frame-validation/13_victory_trophy_edge_fringe_fix/comparacao_superior.png

PRIMEIRAS ALTERAÇÕES:
(771, 383) | (26, 0, 12, 255) -> (21, 1, 9, 255) | contexto=(15, 1, 6, 255)
(777, 384) | (27, 3, 12, 255) -> (23, 3, 8, 255) | contexto=(19, 4, 4, 255)
(778, 384) | (29, 4, 12, 255) -> (25, 5, 9, 255) | contexto=(21, 5, 5, 255)
(779, 384) | (30, 5, 14, 255) -> (25, 5, 10, 255) | contexto=(21, 5, 5, 255)
(780, 384) | (31, 5, 13, 255) -> (27, 5, 10, 255) | contexto=(21, 5, 5, 255)
(781, 384) | (31, 5, 13, 255) -> (25, 5, 9, 255) | contexto=(20, 4, 5, 255)
(782, 384) | (30, 5, 13, 255) -> (25, 5, 9, 255) | contexto=(18, 4, 5, 255)
(802, 384) | (33, 6, 13, 255) -> (29, 5, 9, 255) | contexto=(25, 5, 4, 255)
(803, 384) | (34, 6, 13, 255) -> (29, 5, 9, 255) | contexto=(25, 5, 4, 255)
(804, 384) | (33, 6, 13, 255) -> (29, 5, 9, 255) | contexto=(25, 5, 4, 255)
(805, 384) | (33, 6, 13, 255) -> (29, 5, 9, 255) | contexto=(24, 5, 4, 255)
(806, 384) | (34, 6, 13, 255) -> (29, 5, 9, 255) | contexto=(24, 5, 4, 255)
(807, 384) | (33, 6, 13, 255) -> (29, 5, 9, 255) | contexto=(22, 5, 4, 255)
(808, 384) | (33, 6, 13, 255) -> (27, 6, 8, 255) | contexto=(21, 5, 4, 255)
(809, 384) | (32, 6, 13, 255) -> (26, 6, 9, 255) | contexto=(19, 5, 4, 255)
(810, 384) | (31, 6, 13, 255) -> (25, 5, 9, 255) | contexto=(18, 4, 4, 255)
(811, 384) | (29, 4, 12, 255) -> (23, 4, 8, 255) | contexto=(16, 4, 4, 255)
(812, 384) | (27, 3, 12, 255) -> (21, 3, 8, 255) | contexto=(14, 3, 4, 255)
(835, 384) | (29, 6, 12, 255) -> (25, 6, 8, 255) | contexto=(20, 5, 4, 255)
(836, 384) | (30, 6, 12, 255) -> (26, 6, 9, 255) | contexto=(21, 6, 4, 255)
(837, 384) | (31, 7, 13, 255) -> (27, 7, 9, 255) | contexto=(22, 6, 4, 255)
(838, 384) | (32, 7, 14, 255) -> (27, 7, 9, 255) | contexto=(22, 7, 4, 255)
(840, 384) | (33, 8, 15, 255) -> (27, 7, 9, 255) | contexto=(23, 7, 4, 255)
(841, 384) | (34, 8, 15, 255) -> (30, 8, 11, 255) | contexto=(23, 7, 4, 255)
(842, 384) | (34, 7, 15, 255) -> (29, 6, 11, 255) | contexto=(23, 7, 4, 255)
(843, 384) | (34, 7, 14, 255) -> (28, 7, 8, 255) | contexto=(22, 6, 4, 255)
(844, 384) | (33, 9, 15, 255) -> (27, 7, 9, 255) | contexto=(21, 6, 4, 255)
(845, 384) | (30, 8, 14, 255) -> (25, 7, 9, 255) | contexto=(19, 5, 4, 255)
(846, 384) | (28, 8, 14, 255) -> (23, 6, 9, 255) | contexto=(17, 4, 4, 255)
(847, 384) | (26, 7, 15, 255) -> (21, 6, 10, 255) | contexto=(15, 4, 4, 255)
(848, 384) | (25, 6, 14, 255) -> (20, 5, 9, 255) | contexto=(14, 3, 4, 255)
(849, 384) | (21, 5, 13, 255) -> (17, 4, 9, 255) | contexto=(12, 3, 4, 255)
(850, 384) | (22, 2, 20, 255) -> (17, 2, 11, 255) | contexto=(11, 2, 4, 255)
(850, 385) | (21, 2, 23, 255) -> (14, 3, 14, 255) | contexto=(12, 3, 4, 255)
(850, 386) | (26, 3, 27, 255) -> (22, 4, 11, 255) | contexto=(16, 3, 6, 255)
(850, 387) | (26, 3, 27, 255) -> (22, 4, 11, 255) | contexto=(19, 4, 6, 255)
(769, 389) | (40, 0, 17, 255) -> (40, 16, 14, 255) | contexto=(44, 29, 5, 255)
(769, 390) | (27, 0, 14, 255) -> (45, 27, 8, 255) | contexto=(70, 51, 5, 255)
(768, 391) | (27, 0, 14, 255) -> (52, 23, 9, 255) | contexto=(75, 56, 5, 255)
(760, 392) | (21, 1, 15, 255) -> (19, 1, 10, 255) | contexto=(17, 2, 6, 255)
(762, 392) | (29, 0, 17, 255) -> (23, 0, 11, 255) | contexto=(17, 3, 5, 255)
(851, 392) | (25, 2, 18, 255) -> (20, 4, 11, 255) | contexto=(15, 5, 4, 255)
(852, 392) | (25, 2, 18, 255) -> (22, 4, 11, 255) | contexto=(18, 7, 5, 255)
(853, 392) | (25, 2, 18, 255) -> (22, 4, 11, 255) | contexto=(20, 8, 6, 255)
(854, 392) | (25, 2, 18, 255) -> (25, 7, 11, 255) | contexto=(24, 10, 9, 255)
(855, 392) | (26, 9, 20, 255) -> (27, 11, 15, 255) | contexto=(33, 15, 12, 255)
(856, 392) | (26, 9, 20, 255) -> (31, 10, 15, 255) | contexto=(36, 17, 13, 255)
(857, 392) | (26, 9, 20, 255) -> (27, 11, 15, 255) | contexto=(32, 13, 10, 255)
(858, 392) | (17, 3, 15, 255) -> (25, 7, 11, 255) | contexto=(32, 13, 9, 255)
(859, 392) | (17, 3, 15, 255) -> (21, 6, 11, 255) | contexto=(29, 10, 8, 255)
(760, 393) | (21, 1, 15, 255) -> (18, 1, 11, 255) | contexto=(15, 2, 5, 255)
(761, 393) | (21, 1, 15, 255) -> (19, 1, 10, 255) | contexto=(16, 2, 5, 255)
(762, 393) | (28, 3, 17, 255) -> (22, 4, 11, 255) | contexto=(16, 3, 5, 255)
(763, 393) | (28, 3, 17, 255) -> (22, 4, 11, 255) | contexto=(16, 4, 5, 255)
(764, 393) | (25, 6, 14, 255) -> (21, 5, 11, 255) | contexto=(15, 3, 6, 255)
(851, 393) | (25, 2, 18, 255) -> (20, 4, 11, 255) | contexto=(16, 6, 5, 255)
(852, 393) | (25, 2, 18, 255) -> (22, 4, 11, 255) | contexto=(18, 7, 6, 255)
(853, 393) | (25, 2, 18, 255) -> (25, 7, 11, 255) | contexto=(24, 10, 9, 255)
(854, 393) | (25, 2, 18, 255) -> (31, 10, 15, 255) | contexto=(33, 15, 12, 255)
(855, 393) | (26, 9, 20, 255) -> (31, 10, 15, 255) | contexto=(36, 17, 13, 255)
(856, 393) | (26, 9, 20, 255) -> (27, 11, 15, 255) | contexto=(32, 13, 10, 255)
(857, 393) | (26, 9, 20, 255) -> (27, 11, 15, 255) | contexto=(32, 13, 9, 255)
(858, 393) | (26, 9, 20, 255) -> (27, 11, 15, 255) | contexto=(29, 10, 8, 255)
(859, 393) | (17, 3, 15, 255) -> (21, 6, 11, 255) | contexto=(26, 9, 7, 255)
(860, 393) | (17, 3, 15, 255) -> (20, 4, 11, 255) | contexto=(23, 6, 5, 255)
(760, 394) | (21, 1, 15, 255) -> (17, 1, 9, 255) | contexto=(13, 2, 4, 255)
(858, 394) | (26, 9, 20, 255) -> (27, 11, 15, 255) | contexto=(26, 9, 7, 255)
(859, 394) | (26, 9, 20, 255) -> (25, 7, 11, 255) | contexto=(23, 6, 5, 255)
(860, 394) | (17, 3, 15, 255) -> (18, 3, 9, 255) | contexto=(19, 3, 3, 255)
(858, 395) | (26, 9, 20, 255) -> (25, 7, 11, 255) | contexto=(23, 6, 5, 255)
(859, 395) | (26, 9, 20, 255) -> (22, 8, 12, 255) | contexto=(19, 3, 3, 255)
(858, 396) | (26, 9, 20, 255) -> (22, 8, 12, 255) | contexto=(19, 3, 3, 255)
(859, 396) | (26, 9, 20, 255) -> (21, 5, 11, 255) | contexto=(14, 1, 1, 255)
(859, 397) | (26, 9, 20, 255) -> (21, 5, 11, 255) | contexto=(13, 1, 1, 255)
(587, 398) | (21, 0, 12, 255) -> (17, 0, 9, 255) | contexto=(12, 1, 5, 255)
(858, 398) | (26, 0, 12, 255) -> (21, 1, 7, 255) | contexto=(15, 2, 2, 255)
(859, 398) | (26, 0, 12, 255) -> (20, 0, 7, 255) | contexto=(13, 1, 1, 255)
(587, 399) | (21, 0, 12, 255) -> (17, 1, 9, 255) | contexto=(12, 2, 5, 255)
(591, 399) | (17, 2, 12, 255) -> (14, 2, 9, 255) | contexto=(10, 2, 5, 255)
(592, 399) | (18, 3, 12, 255) -> (14, 2, 9, 255) | contexto=(10, 1, 5, 255)
(859, 399) | (26, 0, 12, 255) -> (20, 1, 7, 255) | contexto=(12, 2, 2, 255)
(586, 400) | (21, 0, 12, 255) -> (17, 1, 8, 255) | contexto=(12, 2, 4, 255)
(860, 400) | (26, 0, 12, 255) -> (20, 1, 7, 255) | contexto=(12, 2, 2, 255)
(861, 400) | (26, 0, 12, 255) -> (20, 1, 8, 255) | contexto=(13, 2, 4, 255)
(580, 401) | (31, 1, 14, 255) -> (28, 2, 11, 255) | contexto=(23, 3, 7, 255)
(581, 401) | (31, 1, 14, 255) -> (27, 1, 11, 255) | contexto=(22, 3, 7, 255)
(734, 402) | (20, 5, 15, 255) -> (14, 3, 9, 255) | contexto=(8, 1, 3, 255)
(617, 410) | (35, 4, 17, 255) -> (32, 6, 11, 255) | contexto=(26, 7, 8, 255)
(618, 410) | (29, 0, 12, 255) -> (26, 2, 10, 255) | contexto=(25, 6, 8, 255)
(882, 410) | (18, 2, 13, 255) -> (38, 25, 26, 255) | contexto=(49, 38, 41, 255)
(885, 410) | (17, 0, 15, 255) -> (14, 1, 11, 255) | contexto=(11, 2, 7, 255)
(886, 410) | (19, 0, 17, 255) -> (14, 0, 12, 255) | contexto=(11, 1, 7, 255)
(529, 411) | (19, 7, 12, 255) -> (13, 4, 8, 255) | contexto=(7, 1, 4, 255)
(617, 411) | (35, 4, 17, 255) -> (32, 6, 11, 255) | contexto=(26, 7, 8, 255)
(618, 411) | (35, 4, 17, 255) -> (32, 6, 11, 255) | contexto=(26, 7, 8, 255)
(619, 411) | (30, 6, 16, 255) -> (29, 6, 11, 255) | contexto=(25, 7, 8, 255)
(620, 411) | (31, 5, 15, 255) -> (29, 6, 11, 255) | contexto=(24, 6, 7, 255)
(637, 411) | (30, 6, 12, 255) -> (26, 6, 9, 255) | contexto=(21, 6, 5, 255)
(638, 411) | (29, 6, 12, 255) -> (26, 6, 9, 255) | contexto=(21, 6, 5, 255)
(882, 411) | (20, 10, 16, 255) -> (38, 25, 26, 255) | contexto=(47, 37, 39, 255)
(883, 411) | (18, 7, 13, 255) -> (16, 7, 11, 255) | contexto=(15, 7, 9, 255)
(884, 411) | (19, 6, 15, 255) -> (14, 4, 10, 255) | contexto=(9, 2, 5, 255)
(885, 411) | (21, 4, 20, 255) -> (14, 3, 14, 255) | contexto=(10, 2, 6, 255)
(886, 411) | (27, 5, 22, 255) -> (19, 4, 11, 255) | contexto=(10, 1, 6, 255)
(617, 412) | (35, 4, 17, 255) -> (32, 6, 11, 255) | contexto=(26, 8, 8, 255)
(618, 412) | (30, 7, 14, 255) -> (29, 6, 11, 255) | contexto=(26, 7, 8, 255)
(617, 413) | (47, 0, 17, 255) -> (37, 3, 11, 255) | contexto=(26, 8, 9, 255)
(618, 413) | (27, 8, 13, 255) -> (26, 8, 11, 255) | contexto=(26, 8, 8, 255)
(617, 414) | (47, 0, 17, 255) -> (37, 3, 11, 255) | contexto=(26, 9, 8, 255)
(617, 415) | (45, 0, 13, 255) -> (37, 3, 11, 255) | contexto=(27, 9, 8, 255)
(617, 416) | (47, 0, 12, 255) -> (39, 4, 8, 255) | contexto=(32, 9, 7, 255)
(617, 417) | (41, 1, 15, 255) -> (37, 3, 11, 255) | contexto=(35, 9, 6, 255)
(651, 417) | (22, 1, 14, 255) -> (18, 1, 11, 255) | contexto=(15, 1, 8, 255)
(521, 419) | (24, 0, 14, 255) -> (19, 0, 9, 255) | contexto=(14, 1, 4, 255)
(553, 419) | (25, 0, 20, 255) -> (18, 1, 11, 255) | contexto=(12, 2, 4, 255)
(554, 419) | (20, 1, 15, 255) -> (17, 1, 9, 255) | contexto=(14, 2, 4, 255)
(560, 419) | (46, 4, 17, 255) -> (55, 11, 6, 255) | contexto=(63, 17, 3, 255)
(608, 419) | (21, 0, 14, 255) -> (14, 0, 9, 255) | contexto=(6, 1, 4, 255)
(616, 419) | (35, 0, 17, 255) -> (31, 2, 9, 255) | contexto=(30, 7, 3, 255)
(553, 420) | (26, 4, 17, 255) -> (20, 4, 11, 255) | contexto=(13, 2, 4, 255)
(594, 426) | (23, 0, 24, 255) -> (14, 0, 14, 255) | contexto=(6, 1, 4, 255)
(594, 427) | (23, 0, 24, 255) -> (14, 0, 14, 255) | contexto=(6, 1, 4, 255)
(595, 428) | (23, 0, 24, 255) -> (14, 0, 14, 255) | contexto=(8, 1, 3, 255)
(601, 428) | (22, 0, 12, 255) -> (21, 2, 10, 255) | contexto=(22, 4, 8, 255)
(602, 428) | (21, 0, 12, 255) -> (24, 3, 10, 255) | contexto=(28, 5, 6, 255)
(603, 428) | (21, 0, 13, 255) -> (29, 4, 9, 255) | contexto=(38, 9, 5, 255)
(604, 428) | (20, 0, 13, 255) -> (30, 4, 10, 255) | contexto=(43, 10, 5, 255)
(600, 429) | (22, 0, 12, 255) -> (21, 2, 10, 255) | contexto=(20, 4, 6, 255)
(601, 429) | (21, 0, 12, 255) -> (21, 2, 10, 255) | contexto=(22, 4, 7, 255)
(602, 429) | (21, 0, 13, 255) -> (23, 1, 10, 255) | contexto=(25, 4, 7, 255)
(603, 429) | (20, 0, 13, 255) -> (25, 3, 10, 255) | contexto=(32, 6, 6, 255)
(604, 429) | (19, 0, 15, 255) -> (30, 4, 10, 255) | contexto=(43, 11, 5, 255)
(605, 429) | (17, 0, 13, 255) -> (33, 8, 8, 255) | contexto=(53, 15, 4, 255)
(854, 430) | (28, 0, 13, 255) -> (19, 0, 10, 255) | contexto=(9, 0, 6, 255)
(859, 430) | (18, 0, 12, 255) -> (14, 0, 8, 255) | contexto=(10, 0, 4, 255)
(854, 431) | (28, 0, 13, 255) -> (18, 0, 9, 255) | contexto=(7, 0, 5, 255)
(855, 431) | (28, 0, 13, 255) -> (19, 0, 10, 255) | contexto=(9, 0, 7, 255)
(859, 431) | (18, 0, 12, 255) -> (14, 0, 8, 255) | contexto=(10, 0, 4, 255)
(854, 432) | (28, 0, 13, 255) -> (18, 0, 9, 255) | contexto=(6, 1, 4, 255)
(855, 432) | (28, 0, 13, 255) -> (19, 0, 9, 255) | contexto=(8, 0, 5, 255)
(854, 433) | (28, 0, 13, 255) -> (18, 0, 8, 255) | contexto=(6, 1, 3, 255)
(855, 433) | (28, 0, 13, 255) -> (18, 0, 8, 255) | contexto=(6, 1, 3, 255)
(855, 434) | (28, 0, 13, 255) -> (18, 0, 8, 255) | contexto=(6, 1, 2, 255)
(752, 435) | (16, 0, 14, 255) -> (12, 0, 10, 255) | contexto=(7, 1, 5, 255)
(753, 436) | (16, 0, 14, 255) -> (12, 0, 10, 255) | contexto=(7, 0, 5, 255)
(644, 437) | (18, 0, 13, 255) -> (16, 1, 8, 255) | contexto=(13, 3, 3, 255)
(753, 437) | (16, 0, 14, 255) -> (12, 0, 10, 255) | contexto=(7, 0, 5, 255)
(754, 437) | (16, 0, 14, 255) -> (12, 0, 10, 255) | contexto=(8, 0, 5, 255)
(487, 438) | (22, 0, 16, 255) -> (17, 0, 11, 255) | contexto=(12, 1, 6, 255)
(499, 438) | (17, 0, 13, 255) -> (16, 2, 10, 255) | contexto=(14, 4, 6, 255)
(500, 438) | (19, 0, 14, 255) -> (17, 2, 11, 255) | contexto=(15, 4, 6, 255)
(502, 438) | (20, 0, 13, 255) -> (18, 1, 9, 255) | contexto=(16, 4, 6, 255)
(503, 438) | (19, 0, 12, 255) -> (17, 2, 9, 255) | contexto=(15, 4, 6, 255)
(645, 438) | (18, 0, 13, 255) -> (16, 1, 9, 255) | contexto=(14, 3, 4, 255)
(657, 438) | (19, 0, 14, 255) -> (16, 1, 10, 255) | contexto=(13, 3, 6, 255)
(658, 438) | (23, 0, 16, 255) -> (20, 2, 11, 255) | contexto=(15, 4, 6, 255)
(659, 438) | (24, 0, 20, 255) -> (20, 2, 11, 255) | contexto=(17, 5, 6, 255)
(660, 438) | (25, 0, 20, 255) -> (22, 4, 11, 255) | contexto=(19, 6, 5, 255)
(661, 438) | (23, 0, 20, 255) -> (22, 4, 11, 255) | contexto=(20, 7, 5, 255)
(662, 438) | (23, 0, 20, 255) -> (22, 4, 11, 255) | contexto=(22, 8, 5, 255)
(659, 439) | (18, 5, 13, 255) -> (18, 5, 9, 255) | contexto=(19, 6, 5, 255)
(660, 439) | (18, 6, 17, 255) -> (19, 6, 11, 255) | contexto=(20, 7, 5, 255)
(661, 439) | (14, 4, 15, 255) -> (18, 6, 10, 255) | contexto=(22, 8, 5, 255)
(662, 439) | (24, 4, 17, 255) -> (23, 6, 10, 255) | contexto=(22, 9, 5, 255)
(661, 440) | (24, 4, 17, 255) -> (23, 6, 10, 255) | contexto=(22, 9, 5, 255)
(662, 440) | (27, 6, 14, 255) -> (26, 8, 10, 255) | contexto=(24, 10, 6, 255)
(661, 441) | (27, 6, 14, 255) -> (26, 8, 10, 255) | contexto=(24, 10, 6, 255)
(662, 441) | (27, 6, 14, 255) -> (26, 8, 10, 255) | contexto=(25, 11, 6, 255)
(662, 442) | (27, 6, 14, 255) -> (26, 8, 10, 255) | contexto=(25, 11, 6, 255)
(725, 443) | (21, 5, 16, 255) -> (16, 4, 11, 255) | contexto=(10, 2, 5, 255)
(886, 443) | (21, 6, 18, 255) -> (14, 4, 12, 255) | contexto=(6, 1, 4, 255)
(725, 444) | (21, 5, 16, 255) -> (16, 4, 11, 255) | contexto=(10, 2, 5, 255)
(726, 444) | (32, 0, 15, 255) -> (22, 0, 11, 255) | contexto=(11, 2, 6, 255)
(727, 444) | (32, 0, 15, 255) -> (23, 1, 10, 255) | contexto=(12, 3, 6, 255)
(728, 444) | (35, 0, 14, 255) -> (25, 0, 11, 255) | contexto=(13, 3, 7, 255)
(729, 444) | (45, 0, 15, 255) -> (40, 16, 14, 255) | contexto=(39, 26, 8, 255)
(730, 444) | (43, 3, 17, 255) -> (54, 23, 9, 255) | contexto=(70, 58, 7, 255)
(731, 444) | (43, 3, 17, 255) -> (67, 29, 11, 255) | contexto=(87, 74, 7, 255)
(881, 444) | (18, 0, 19, 255) -> (45, 27, 8, 255) | contexto=(77, 57, 12, 255)
(882, 444) | (22, 1, 17, 255) -> (31, 10, 15, 255) | contexto=(47, 30, 11, 255)
(884, 444) | (20, 0, 16, 255) -> (14, 0, 11, 255) | contexto=(8, 1, 6, 255)
(885, 444) | (20, 0, 19, 255) -> (14, 0, 13, 255) | contexto=(7, 1, 5, 255)
(886, 444) | (27, 0, 18, 255) -> (17, 0, 11, 255) | contexto=(6, 0, 5, 255)
(485, 446) | (31, 0, 13, 255) -> (27, 2, 9, 255) | contexto=(22, 4, 4, 255)
(484, 447) | (31, 0, 13, 255) -> (27, 2, 9, 255) | contexto=(22, 4, 4, 255)
(485, 447) | (31, 0, 13, 255) -> (27, 2, 9, 255) | contexto=(23, 5, 4, 255)
(686, 447) | (24, 1, 16, 255) -> (20, 0, 11, 255) | contexto=(15, 0, 8, 255)
(687, 447) | (24, 1, 16, 255) -> (20, 0, 11, 255) | contexto=(15, 0, 8, 255)
(685, 448) | (23, 1, 16, 255) -> (20, 0, 11, 255) | contexto=(16, 1, 8, 255)
(686, 448) | (24, 1, 16, 255) -> (20, 0, 11, 255) | contexto=(16, 1, 8, 255)
(688, 448) | (16, 3, 13, 255) -> (15, 3, 11, 255) | contexto=(15, 2, 8, 255)
(687, 449) | (16, 3, 13, 255) -> (16, 2, 11, 255) | contexto=(16, 2, 8, 255)
(688, 449) | (16, 3, 13, 255) -> (16, 2, 11, 255) | contexto=(16, 2, 8, 255)
(688, 450) | (16, 3, 13, 255) -> (16, 2, 11, 255) | contexto=(16, 2, 8, 255)
(681, 455) | (21, 2, 14, 255) -> (17, 2, 11, 255) | contexto=(12, 2, 7, 255)
(682, 455) | (25, 2, 15, 255) -> (20, 2, 11, 255) | contexto=(14, 3, 8, 255)
(683, 455) | (25, 2, 15, 255) -> (20, 2, 11, 255) | contexto=(16, 3, 8, 255)
(684, 455) | (27, 4, 23, 255) -> (22, 4, 11, 255) | contexto=(17, 3, 8, 255)
(685, 455) | (27, 4, 23, 255) -> (22, 4, 11, 255) | contexto=(18, 3, 9, 255)
(686, 455) | (27, 4, 23, 255) -> (22, 4, 11, 255) | contexto=(17, 2, 9, 255)
